    100.0000,      0.1879,      0.4367,      0.1228,      0.3008,      0.0105,      0.0263,      0.0000,     50.0000,minLCC
    100.0000,      0.1879,      0.4367,      0.1228,      0.3008,      0.0105,      0.0263,      0.0000,     50.0000,minCO2
  10000.0000,     18.7895,     42.1782,     11.8455,     29.0013,      1.0526,      2.6316,      0.0000,   5000.0000,minCO2
  10000.0000,     18.7895,     42.1782,     11.8455,     29.0013,      1.0526,      2.6316,      0.0000,   5000.0000,minLCC
  10000.0000,     18.7895,     42.1782,     11.8455,     29.0013,      1.0526,      2.6316,      0.0000,   5000.0000,minCO2
      1.0000,      0.0019,      0.0052,      0.0012,      0.0030,      0.0001,      0.0003,      0.0000,      0.5000,minCO2
    100.0000,      0.1879,      0.5226,      0.1228,      0.3008,      0.0105,      0.0263,      0.0000,     50.0000,minCO2
    100.0000,      0.1879,      0.6086,      0.1228,      0.3008,      0.0105,      0.0263,      0.0000,     50.0000,minCO2
    100.0000,      0.1879,      0.5594,      0.1228,      0.3008,      0.0105,      0.0263,      0.0000,     50.0000,minCO2
    100.0000,      0.3758,      0.8731,      0.2454,      0.6013,      0.0211,      0.0526,      0.0000,     50.0000,minCO2
    100.0000,      0.6039,      1.6171,      0.3944,      0.9663,      0.1053,      0.0132,    100.0000,      0.0000,minCO2
    100.0000,      0.6039,      1.6171,      0.3944,      0.9663,      0.1053,      0.0132,    100.0000,      0.0000,minCO2
    100.0000,      0.6039,      0.9860,      0.3944,      0.9663,      0.1053,      0.0132,    100.0000,      0.0000,minCO2
    100.0000,      0.1879,      0.3630,      0.1228,      0.3008,      0.0105,      0.0263,      0.0000,     50.0000,minCO2
    100.0000,      0.6039,      1.4721,      0.3944,      0.9663,      0.1053,      0.0132,    100.0000,      0.0000,minCO2
    100.0000,      0.6039,      0.8808,      0.3944,      0.9663,      0.1053,      0.0132,    100.0000,      0.0000,minLCC
    100.0000,      0.6039,      0.8808,      0.3944,      0.9663,      0.1053,      0.0132,    100.0000,      0.0000,minLCC
    100.0000,      0.6039,      0.8808,      0.3944,      0.9663,      0.1053,      0.0132,    100.0000,      0.0000,minCO2
    100.0000,      0.6039,      0.8808,      0.3944,      0.9663,      0.1053,      0.0132,    100.0000,      0.0000,minCO2
    100.0000,      0.4511,      0.6783,      0.2980,      0.7300,      0.0105,      0.0263,      0.0000,     50.0000,minLCC
    100.0000,      0.7142,      0.9932,      0.4729,      1.1587,      0.0105,      0.0263,      0.0000,     50.0000,minLCC
    100.0000,      3.8276,      4.7110,      2.5227,      6.1808,      0.1053,      0.0132,    100.0000,      0.0000,minLCC
    100.0000,      0.1879,      0.4945,      0.1228,      0.3008,      0.0105,      0.0263,      0.0000,     50.0000,minLCC
    100.0000,      0.1879,      0.4945,      0.1228,      0.3008,      0.0105,      0.0263,      0.0000,     50.0000,minLCC
    100.0000,      0.0604,      0.0987,      0.0395,      0.0967,      0.0105,      0.0013,    100.0000,      0.0000,minLCC
    100.0000,      0.1879,      0.3736,      0.1228,      0.3008,      0.0105,      0.0263,      0.0000,     50.0000,minLCC
    100.0000,      0.1879,      0.3736,      0.1228,      0.3008,      0.0105,      0.0263,      0.0000,     50.0000,minLCC
    100.0000,      0.1879,      0.3737,      0.1228,      0.3008,      0.0105,      0.0263,      0.0000,     50.0000,minLCC
    100.0000,      0.1879,      0.3735,      0.1228,      0.3008,      0.0105,      0.0263,      0.0000,     50.0000,minLCC
    100.0000,      0.1879,      0.3735,      0.1228,      0.3008,      0.0105,      0.0263,      0.0000,     50.0000,minLCC
    100.0000,      0.1879,      0.3735,      0.1228,      0.3008,      0.0105,      0.0263,      0.0000,     50.0000,minCO2
    100.0000,      0.1879,      0.3735,      0.1228,      0.3008,      0.0105,      0.0263,      0.0000,     50.0000,minLCC
    100.0000,      0.1879,      0.2189,      0.1228,      0.3008,      0.0105,      0.0263,      0.0000,     50.0000,minLCC
    100.0000,      0.1879,      0.2189,      0.1228,      0.3008,      0.0105,      0.0263,      0.0000,     50.0000,minCO2
    100.0000,      0.1879,      0.3490,      0.1228,      0.3008,      0.0105,      0.0263,      0.0000,     50.0000,minCO2
    100.0000,      0.1879,      0.3269,      0.1228,      0.3008,      0.0105,      0.0263,      0.0000,     50.0000,minCO2
    100.0000,      0.1879,      0.3630,      0.1228,      0.3008,      0.0105,      0.0263,      0.0000,     50.0000,minCO2
    100.0000,      0.3020,      0.7891,      0.1973,      0.4834,      0.0526,      0.0066,    100.0000,      0.0000,minCO2
    100.0000,      0.3020,      0.5918,      0.1973,      0.4834,      0.0526,      0.0066,    100.0000,      0.0000,minCO2
    100.0000,      0.3020,      0.5590,      0.1973,      0.4834,      0.0526,      0.0066,    100.0000,      0.0000,minCO2
    100.0000,      0.1879,      0.6682,      0.1228,      0.3008,      0.0105,      0.0263,      0.0000,     50.0000,minCO2
    100.0000,      0.3020,      0.7497,      0.1973,      0.4834,      0.0526,      0.0066,    100.0000,      0.0000,minCO2
    100.0000,      0.1879,      0.7997,      0.1228,      0.3008,      0.0105,      0.0263,      0.0000,     50.0000,minCO2
    100.0000,      0.3020,      0.7497,      0.1973,      0.4834,      0.0526,      0.0066,    100.0000,      0.0000,minCO2
    100.0000,      0.1879,      0.7997,      0.1228,      0.3008,      0.0105,      0.0263,      0.0000,     50.0000,minCO2
    100.0000,      0.1879,      0.6708,      0.1228,      0.3008,      0.0105,      0.0263,      0.0000,     50.0000,minCO2
    100.0000,      0.1774,      0.7871,      0.1157,      0.2836,      0.0105,      0.0263,      0.0000,     50.0000,minLCC
    100.0000,      0.2493,      0.6866,      0.1622,      0.3974,      0.0526,      0.0066,    100.0000,      0.0000,minCO2
    100.0000,      0.2493,      0.8001,      0.1622,      0.3974,      0.0526,      0.0066,    100.0000,      0.0000,minCO2
    100.0000,      0.1774,      0.8681,      0.1157,      0.2836,      0.0105,      0.0263,      0.0000,     50.0000,minLCC
    100.0000,      0.1662,      0.5335,      0.1082,      0.2650,      0.0351,      0.0044,     33.3333,      0.0000,minLCC
    100.0000,      0.1662,      0.5335,      0.1082,      0.2650,      0.0351,      0.0044,     33.3333,      0.0000,minCO2
    100.0000,      0.2493,      0.9137,      0.1622,      0.3974,      0.0526,      0.0066,    100.0000,      0.0000,minCO2
    100.0000,      0.1774,      0.9491,      0.1157,      0.2836,      0.0105,      0.0263,      0.0000,     50.0000,minLCC
    100.0000,      0.1774,      0.9386,      0.1157,      0.2836,      0.0105,      0.0263,      0.0000,     50.0000,minLCC
    100.0000,      0.2493,      0.8611,      0.1622,      0.3974,      0.0526,      0.0066,    100.0000,      0.0000,minCO2
    100.0000,      0.2493,      0.8611,      0.1622,      0.3974,      0.0526,      0.0066,    100.0000,      0.0000,minCO2
    100.0000,      0.1774,      0.9386,      0.1157,      0.2836,      0.0105,      0.0263,      0.0000,     50.0000,minLCC
